   -0.616155454769E-03
   -0.269747543399E-03
   -0.215712934571E-03
   -0.139078258377E-03
   -0.941483593029E-04
   -0.140211569542E-03
   -0.260391728078E-03
   -0.406498683929E-03
   -0.179201733673E-03
    0.436416092960E-04
    0.336406278064E-04
    0.630770151732E-04
    0.799065321612E-04
    0.953277386896E-04
    0.109401647411E-03
    0.104922670120E-03
    0.605745113081E-04
   -0.145159142003E-03
   -0.398247195748E-06
   -0.720714897458E-05
   -0.117865594350E-04
   -0.169267974500E-04
   -0.207066609031E-04
   -0.198521677290E-04
   -0.103843920382E-04
    0.116797475411E-04
    0.474359229663E-04
    0.703329485924E-05
    0.552253184247E-05
    0.363107712830E-05
    0.176672136353E-05
    0.117262982698E-05
    0.222647881644E-05
    0.241665565248E-05
   -0.754356907708E-05
   -0.515240140907E-04
    0.184841040272E-04
    0.123098875689E-04
    0.449007782130E-05
   -0.334303059469E-05
   -0.879490469011E-05
   -0.906329682451E-05
   -0.174286397066E-05
    0.130987356102E-04
    0.282469281747E-04
   -0.139124988637E-02
   -0.759710557089E-03
   -0.418620431164E-03
   -0.203810207464E-03
   -0.104636847724E-03
   -0.167400453079E-03
   -0.426413878933E-03
   -0.710755204967E-03
   -0.647736810427E-04
    0.105291844811E-03
    0.897199761505E-04
    0.117629706678E-03
    0.148059912883E-03
    0.180387711945E-03
    0.213285799760E-03
    0.225210700055E-03
    0.135026524906E-03
   -0.307554664395E-03
   -0.111950080565E-04
   -0.279017125368E-04
   -0.400676229334E-04
   -0.549271832478E-04
   -0.665942858339E-04
   -0.666483024433E-04
   -0.470053259375E-04
   -0.221431996338E-05
    0.638857747778E-04
    0.368308397736E-04
    0.329055716208E-04
    0.258926411908E-04
    0.194116156653E-04
    0.190296455130E-04
    0.273158787497E-04
    0.377385834716E-04
    0.241340498723E-04
   -0.776020961053E-04
   -0.285976449516E-02
   -0.144801213241E-02
   -0.693881207575E-03
   -0.204118073953E-03
    0.543134803385E-04
   -0.227226555766E-04
   -0.529719050566E-03
   -0.112284828385E-02
    0.301164624752E-03
    0.252248262563E-03
    0.153459871078E-03
    0.184073533582E-03
    0.213169786465E-03
    0.242296212668E-03
    0.285561889828E-03
    0.325514957970E-03
    0.230622809888E-03
   -0.507604154666E-03
   -0.459251395598E-04
   -0.683209973936E-04
   -0.861072009535E-04
   -0.112447817804E-03
   -0.128999652441E-03
   -0.117894818409E-03
   -0.741306595438E-04
   -0.124530745600E-04
    0.256078904086E-04
    0.156992574116E-03
    0.120409306534E-03
    0.582009668065E-04
   -0.897969815867E-05
   -0.561168450393E-04
   -0.641900351559E-04
   -0.314522145888E-04
    0.152987161435E-04
    0.210936913032E-04
   -0.508284275097E-02
   -0.230468804934E-02
   -0.884095433954E-03
    0.502248841768E-04
    0.594821091794E-03
    0.543803249765E-03
   -0.349590520179E-03
   -0.155004409337E-02
    0.910997786838E-03
    0.486520219947E-03
    0.137932343904E-03
    0.147423831692E-03
    0.126418246688E-03
    0.830851546416E-04
    0.906387239434E-04
    0.197914838524E-03
    0.296121643489E-03
   -0.446336692015E-03
   -0.103189384354E-03
   -0.596595711739E-04
   -0.476023050787E-04
   -0.584584020087E-04
   -0.311565200876E-04
    0.613144755596E-04
    0.167162804198E-03
    0.153238616902E-03
   -0.117091394042E-03
   -0.697601067011E-02
   -0.257085215298E-02
   -0.590956398439E-03
    0.676968827911E-03
    0.149546050733E-02
    0.156015447069E-02
    0.322929668545E-03
   -0.177234588169E-02
    0.104552535335E-02
    0.611129141423E-03
   -0.197577340118E-03
   -0.130621884429E-03
   -0.204172024154E-03
   -0.410011385537E-03
   -0.548969380116E-03
   -0.394038663362E-03
    0.221511150373E-03
    0.337817089926E-03
   -0.937553802320E-04
    0.187804448020E-03
    0.105240149886E-03
   -0.773951873732E-04
   -0.124179271058E-03
    0.126961682600E-04
    0.106700389023E-03
   -0.112284221937E-03
    0.353912837939E-04
   -0.502752823575E-02
   -0.617997528487E-03
    0.455398146058E-03
    0.913488726271E-03
    0.136680544092E-02
    0.167986985084E-02
    0.994459050363E-03
   -0.120648916527E-02
   -0.285548082482E-03
    0.727276556376E-04
   -0.736050998741E-03
    0.283263053327E-04
    0.417984578524E-03
    0.382846588240E-03
    0.124406203047E-03
   -0.180619352644E-03
    0.512377636352E-04
   -0.922712162195E-04
    0.337519918625E-02
    0.334862200477E-02
    0.993010835831E-03
   -0.120568891653E-02
   -0.237131897595E-02
   -0.177488098309E-02
    0.102811969999E-03
    0.123071186609E-02
   -0.199314437097E-03
   -0.744919633467E-04
    0.247286284673E-03
    0.279078791145E-05
   -0.224291662380E-03
   -0.710886913551E-04
    0.239191135601E-03
   -0.169489383146E-03
    0.565068049766E-04
   -0.849077039221E-06
   -0.455742039363E-03
   -0.138503354560E-02
   -0.336250413645E-03
    0.609145817259E-03
    0.580707453252E-03
    0.285274519483E-03
    0.566817232443E-04
   -0.370958536231E-03
    0.871980102610E-04
    0.604483897605E-05
    0.156503311100E-03
    0.484079334165E-04
   -0.149852453790E-03
    0.450519953517E-04
   -0.517206664835E-04
   -0.715528995397E-05
    0.353314881876E-04
   -0.902301816454E-05
