    0.781011837652E-07
    0.500205673644E-06
    0.570148789230E-06
    0.108176185576E-05
    0.184889868284E-05
    0.192077368142E-05
   -0.559492657172E-07
    0.241721236594E-06
    0.730743724485E-08
    0.236716942940E-08
   -0.276065175736E-07
   -0.129635679696E-06
   -0.297874310873E-06
   -0.837766163138E-06
   -0.147396882808E-05
   -0.907587487820E-06
   -0.610426216310E-08
   -0.127454511925E-07
   -0.328887377607E-07
   -0.798900151897E-07
   -0.170739284043E-06
   -0.258792604118E-06
    0.119084902484E-06
    0.325175993801E-05
   -0.297527457546E-08
   -0.670300478443E-08
   -0.142591194199E-07
   -0.267498601208E-07
   -0.331830649290E-07
    0.515902781544E-07
    0.683086240072E-06
    0.400358780977E-05
   -0.198360136963E-09
    0.195762284994E-08
    0.119650690878E-07
    0.496808289375E-07
    0.178115237260E-06
    0.590749475148E-06
    0.187733648243E-05
    0.588053703799E-05
    0.175834760974E-06
    0.510859300850E-06
    0.126578070897E-05
    0.265287420071E-05
    0.439536487916E-05
    0.459378889421E-05
   -0.523695432642E-08
    0.274551118867E-06
   -0.827242178663E-09
   -0.147434336284E-07
   -0.735171133503E-07
   -0.271480258713E-06
   -0.819113435038E-06
   -0.197462524796E-05
   -0.322119968992E-05
   -0.733552006576E-06
   -0.159296568094E-07
   -0.409779245279E-07
   -0.103246922091E-06
   -0.248239463297E-06
   -0.539537881129E-06
   -0.914015860599E-06
   -0.377326692167E-06
    0.608129116624E-05
   -0.956581767520E-08
   -0.201258984709E-07
   -0.397995441569E-07
   -0.703893786707E-07
   -0.912239291224E-07
    0.487622875118E-07
    0.116658235887E-05
    0.730641630959E-05
    0.333544301816E-06
    0.110859028179E-05
    0.289682009618E-05
    0.616277840504E-05
    0.100738180330E-04
    0.100243494222E-04
   -0.211971795981E-06
    0.489315052890E-06
    0.231566415519E-08
   -0.275567108443E-07
   -0.164876170976E-06
   -0.636766017084E-06
   -0.192184914927E-05
   -0.445025860988E-05
   -0.634843025123E-05
    0.698299766500E-06
   -0.512264713811E-07
   -0.125371671213E-06
   -0.302301214021E-06
   -0.705231443943E-06
   -0.152860461238E-05
   -0.278343834021E-05
   -0.279604334969E-05
    0.711015490431E-05
   -0.295071007402E-07
   -0.553053816617E-07
   -0.939730487362E-07
   -0.142239202675E-06
   -0.202419287501E-06
   -0.368233013790E-06
   -0.105911163261E-05
   -0.255570582617E-05
    0.395460666101E-06
    0.200889228881E-05
    0.591580406025E-05
    0.130227783619E-04
    0.209134315544E-04
    0.191406945179E-04
   -0.736628253585E-06
    0.592566859134E-06
    0.248579116423E-07
   -0.191610053465E-07
   -0.282803019762E-06
   -0.125303479673E-05
   -0.390016256056E-05
   -0.871226660825E-05
   -0.103401859703E-04
    0.357323665720E-05
   -0.158120135169E-06
   -0.354945731854E-06
   -0.779673573009E-06
   -0.166534528462E-05
   -0.338734478768E-05
   -0.618294677261E-05
   -0.845099962039E-05
   -0.230554193227E-05
   -0.529265968824E-06
    0.228886177340E-05
    0.990157085844E-05
    0.237765365232E-04
    0.371660143209E-04
    0.281347085621E-04
   -0.242932569380E-05
   -0.712468725802E-06
    0.120323157392E-06
    0.130955554255E-06
   -0.167570236759E-06
   -0.158786810724E-05
   -0.566088285504E-05
   -0.122189376242E-04
   -0.915795059125E-05
    0.397628408939E-05
   -0.464561003794E-06
   -0.880343507812E-06
   -0.149397912168E-05
   -0.212591007212E-05
   -0.211483035924E-05
   -0.175306591559E-06
    0.413182899509E-05
   -0.237825820752E-06
   -0.565228980831E-05
   -0.218914093595E-05
    0.104942295725E-04
    0.341409614729E-04
    0.510132145536E-04
    0.186174098761E-04
   -0.717028802372E-05
   -0.327756917905E-05
    0.317453565834E-06
    0.567542991493E-06
    0.790912506463E-06
    0.421559927716E-06
   -0.154345275656E-05
   -0.271481569660E-05
    0.150657473636E-04
   -0.394417709491E-05
   -0.226944713344E-04
   -0.216026289738E-04
   -0.354218499890E-05
    0.331222314921E-04
    0.471646647803E-04
   -0.387155618283E-04
   -0.103681856462E-04
    0.559203543357E-05
   -0.827148293267E-06
   -0.173524877090E-05
   -0.266910459307E-05
   -0.235079793415E-05
    0.791382272464E-06
    0.382680225715E-05
   -0.390703007637E-05
    0.778498596669E-06
   -0.547095769831E-04
   -0.578035749670E-04
   -0.303666305666E-04
    0.319307977713E-04
    0.599020156222E-04
   -0.713754656198E-04
    0.290523369330E-04
   -0.409224157786E-05
   -0.448131253663E-05
    0.102953733931E-04
    0.195512828992E-04
    0.101105883579E-05
   -0.318730197245E-04
    0.240131528182E-04
   -0.703427819752E-05
    0.749602191436E-06
