    0.150793416461E-02
    0.245816645635E-02
    0.648451378578E-03
    0.613269650248E-03
    0.907214669145E-03
    0.125168101117E-02
    0.165232159914E-02
    0.723744182359E-03
    0.248156567482E-04
   -0.856526792248E-04
   -0.194147460601E-03
   -0.254103539859E-03
   -0.158998458022E-03
   -0.181837038686E-03
   -0.361776319281E-04
    0.197293816908E-03
   -0.428056578216E-04
    0.424571968154E-04
    0.509315161700E-04
    0.553461406308E-04
    0.497462060397E-04
    0.260096868624E-04
   -0.238401339701E-04
   -0.966613872415E-04
    0.383397739202E-04
    0.218518859331E-04
   -0.443941133663E-05
   -0.466736956840E-04
   -0.110201667889E-03
   -0.194468084875E-03
   -0.277485549203E-03
   -0.276172743904E-03
    0.120608234701E-03
    0.122587702513E-03
    0.122367056380E-03
    0.119306600376E-03
    0.118626476912E-03
    0.143197402435E-03
    0.263097017514E-03
    0.665272268076E-03
    0.325986215548E-02
    0.209590817421E-02
    0.146117499384E-02
    0.116060578869E-02
    0.126201267982E-02
    0.185435747857E-02
    0.246262920126E-02
    0.275378611313E-03
   -0.133309533383E-03
   -0.181793298618E-03
   -0.210456455503E-03
   -0.250999421292E-03
   -0.305201708664E-03
   -0.337536094929E-03
   -0.214345917532E-03
    0.458437457156E-03
    0.113294625444E-03
    0.127165658814E-03
    0.144493543204E-03
    0.149967665368E-03
    0.127565767479E-03
    0.588227209075E-04
   -0.620548875279E-04
   -0.173192431141E-03
    0.175480754131E-03
    0.122049190219E-03
    0.410292876067E-04
   -0.859124456516E-04
   -0.272889097416E-03
   -0.510604184691E-03
   -0.708458916732E-03
   -0.546279337088E-03
    0.639816032309E-02
    0.372277000022E-02
    0.221530553919E-02
    0.135206314781E-02
    0.126461534873E-02
    0.222564160169E-02
    0.339603303957E-02
   -0.103849072073E-02
   -0.224103657678E-03
   -0.291150120742E-03
   -0.289550692523E-03
   -0.316176501557E-03
   -0.392610704635E-03
   -0.473227543489E-03
   -0.326494930153E-03
    0.791999844201E-03
    0.309718595694E-03
    0.306998813933E-03
    0.319185892528E-03
    0.303833960694E-03
    0.222207605779E-03
    0.406764342061E-04
   -0.197203189323E-03
   -0.128879801348E-03
    0.850947411136E-03
    0.733129774822E-03
    0.571697124780E-03
    0.322558873786E-03
   -0.415805855439E-04
   -0.468762516521E-03
   -0.633530443893E-03
    0.570641884234E-03
    0.108017212250E-01
    0.544204438827E-02
    0.245384927735E-02
    0.538588546647E-03
   -0.100395951679E-03
    0.130396858632E-02
    0.374004354755E-02
   -0.294181648408E-02
   -0.224206855784E-03
   -0.285072800577E-03
   -0.135318291579E-03
   -0.491957475562E-04
   -0.106844532132E-03
   -0.301396852198E-03
   -0.365666210121E-03
    0.707851768267E-03
    0.618422331743E-03
    0.447283726810E-03
    0.370750445189E-03
    0.284735262721E-03
    0.998333911786E-04
   -0.258134966904E-03
   -0.588784063435E-03
    0.489715573946E-03
    0.138986763020E-01
    0.539473091694E-02
    0.110572802688E-02
   -0.184307145893E-02
   -0.336877367771E-02
   -0.171559679730E-02
    0.298127203562E-02
   -0.260479652575E-02
    0.105957422726E-03
   -0.149190468630E-04
    0.412236680867E-03
    0.707675291970E-03
    0.734684984901E-03
    0.403038236665E-03
   -0.197533538212E-03
   -0.602728001888E-03
    0.258951425706E-03
   -0.534477417816E-03
   -0.625604715598E-03
   -0.218490518893E-03
    0.379903120854E-03
    0.519650276752E-03
   -0.316727733086E-03
   -0.921524026197E-05
    0.876608884412E-02
    0.726104039157E-03
   -0.147046360424E-02
   -0.300155114559E-02
   -0.481278889372E-02
   -0.420150631646E-02
    0.129820988976E-02
    0.254315411685E-02
    0.477193974612E-03
   -0.372607737065E-03
   -0.172296221605E-03
   -0.236845753509E-03
   -0.292297001558E-03
   -0.184296357231E-03
    0.254004495055E-03
    0.926844338826E-04
   -0.784230866035E-02
   -0.605052178431E-02
   -0.165556761297E-03
    0.461414236205E-02
    0.469264303043E-02
    0.141365967097E-02
   -0.160621351934E-02
   -0.668841506893E-03
   -0.770376855946E-04
   -0.121058895924E-03
    0.385719964067E-03
   -0.156652969637E-03
   -0.527433726013E-04
    0.127306631014E-03
   -0.719490342696E-04
    0.191741687311E-05
    0.148558970535E-02
    0.272883699060E-02
   -0.559367041620E-03
   -0.111645673535E-02
   -0.121339301956E-02
   -0.511588988412E-04
    0.361803022830E-03
    0.711602623463E-04
   -0.732802096729E-04
   -0.344888080582E-03
    0.173591356123E-03
    0.188990324523E-04
    0.127707062973E-03
   -0.219504362316E-04
   -0.220299731125E-04
   -0.294694583625E-05
